AP1000 PWR Reactor  
C     Cell Cards 
c -------   Fuel Rod 2.10% -------------------------------------
1    1   -10.5       -1  10 -11              u=1          $ fuel pin      
2    2   1.00000e-4   1 -2  10 -11           u=1          $ Gap 
3    3   -6.55        2 -3  10 -11           u=1          $ Clad  
4    5   -0.73         3:-10:11              u=1
c  -------------------- Controll Rod -----------------------------
5    5   -0.73         -4  10 -11             u=2           
6    4   -7.92        4  -5 10 -11            u=2
61   5   -0.73          5:-10:11              u=2
7    0                -6 7 -8 9  lat=1     u=3  fill=-8:8 -8:8 0:0
       1 1 1 1 1 1 1 1 1 1 1 1 1 1 1 1 1   
       1 1 1 1 1 1 1 1 1 1 1 1 1 1 1 1 1
       1 1 1 1 1 2 1 1 2 1 1 2 1 1 1 1 1 
       1 1 1 2 1 1 1 1 1 1 1 1 1 2 1 1 1  
       1 1 1 1 1 1 1 1 1 1 1 1 1 1 1 1 1
       1 1 2 1 1 2 1 1 2 1 1 2 1 1 2 1 1
       1 1 1 1 1 1 1 1 1 1 1 1 1 1 1 1 1 
       1 1 1 1 1 1 1 1 1 1 1 1 1 1 1 1 1 
       1 1 2 1 1 2 1 1 2 1 1 2 1 1 2 1 1
       1 1 1 1 1 1 1 1 1 1 1 1 1 1 1 1 1 
       1 1 1 1 1 1 1 1 1 1 1 1 1 1 1 1 1 
       1 1 2 1 1 2 1 1 2 1 1 2 1 1 2 1 1
       1 1 1 1 1 1 1 1 1 1 1 1 1 1 1 1 1
       1 1 1 2 1 1 1 1 1 1 1 1 1 2 1 1 1
       1 1 1 1 1 2 1 1 2 1 1 2 1 1 1 1 1 
       1 1 1 1 1 1 1 1 1 1 1 1 1 1 1 1 1 
       1 1 1 1 1 1 1 1 1 1 1 1 1 1 1 1 1
8    0            10 -11 -12 13 -14 15    fill=3     
9    0            12:-13:14:-15:-10:11

C     Surface Cards 
c ------ fuel rod ----------------------------------
1   cz  0.4095
c ------- gap --------------------------------------
2   cz  0.4177
c ------- clad -------------------------------------
3   cz  0.4749
c ----------------- Guide Tube -------------------
4   cz  0.5715
5   cz  0.612
c ---- lattice -------------------------------------
6    py  0.627
7    py  -0.627
8    px  0.627
9    px  -0.627
*10    pz  -182.9
*11    pz   182.9
*12   px   10.659
*13   px  -10.659
*14   py   10.659
*15   py  -10.659

C     Data Cards 
imp:n 1 1 1 1 1 1 1 1 1 0
kcode 10000 1.0 50 600
ksrc   0 0 0 7 7 7 8 8 8  9 9 9 
      -7 7 7 -8 8 8  -9 9 9 
       7 -7 7 8 -8 8  9 -9 9 
       7 7 -7 8 8 -8  9 9 -9 
      6 6 0 -6 6 0     6 -6 0    -6 -6 0
      9 9 0  -9 9 0  9 -9 0    -9 -9 0
      3 3 0  -3 3 0  3 -3 0    -3 -3 0
C     Material Data Cards 
m1   92238.71c   -0.862943290471    92235.71c  -0.0185105302348 
     8016.71c    -0.118546179294
m2   2004.71c  1.0   
m3   41093.71c     -0.01 
     8016.71c      -0.00125
     26054.71c     -0.00005845
     26056.71c     -0.00091754
     26057.71c     -0.00002119
     26058.71c     -0.00000282
     40090.71c     -0.503052375
     40091.71c     -0.10970355
     40092.71c     -0.167684125
     40094.71c     -0.16993295
     40096.71c     -0.027377
     50112.71c     -0.000097
     50114.71c     -0.000066
     50115.71c     -0.000034
     50116.71c     -0.001454
     50117.71c     -0.000768
     50118.71c     -0.002422
     50119.71c     -0.000859
     50120.71c     -0.003258
     50122.71c     -0.000463
     50124.71c     -0.000579
m4   25055.71c     -0.020 
     26054.71c     -0.04062275
     26056.71c     -0.63762775
     26057.71c     -0.01472705
     26058.71c     -0.0019599
     24050.71c     -0.0082555
     24052.71c     -0.1591991  
     24053.71c     -0.0180519
     24054.71c     -0.0044935
     28058.71c     -0.06467315
     28060.71c     -0.02492135
     28061.71c     -0.001082905
     28062.71c     -0.00345287
     28064.71c     -0.000879225
m5   1001.71c  2.0   8016.71c 1.0    
mt5 lwtr.04t
f4:n 8
KOPTS BOCKSIZE=5  KINETICS=YES  PRECURSOR=YES 

