VVER 1000 (Russian PWR Design)
c -------------------CELLS CARDS------------------------
c ------------------ Fuel Rods 2.10 % --------------------
1   0            -1 -3 4             u=1    imp:n=1 
2   1   -10.55    1 -2 -3  4         u=1    imp:n=1
3   0            -5 -3 4  2          u=1    imp:n=1
4   12  -6.4516  -6 -3 4  5          u=1    imp:n=1
5   10  -0.716        6:3:-4         u=1    imp:n=1
c ---------- 3.6% UO2 + 5% Gd2O3 --------------------
41  0            -1 -3 4            u=2   imp:n=1 
42  2   -10.547   1 -2 -3  4        u=2   imp:n=1
43  0            -5 -3 4  2         u=2   imp:n=1
44  11   -6.55   -6 -3 4  5         u=2   imp:n=1
45  10   -0.716      6:3:-4         u=2   imp:n=1
c -------------- guide tube cells -----------------
6  10   -0.716     -7 -3  4          u=3   imp:n=1
7  11    -6.55   7 -8 -3 4           u=3   imp:n=1
8  10    -0.716     8:3:-4           u=3   imp:n=1
c --------- central guide tube cells --------------
9   10   -0.716     -9  -3  4         u=4   imp:n=1
10  11   -6.55    9 -10 -3  4         u=4   imp:n=1
11  10   -0.716       10:3:-4         u=4   imp:n=1
c ------------ assemblies ------------------------
12  10  -0.716 -11 14 -12 15 -16 13 u=5 imp:n=1 lat=2 fill=-11:11 -11:11 0:0
     5 5 5 5 5 5 5 5 5 5 5 5 5 5 5 5 5 5 5 5 5 5 5
     5 5 5 5 5 5 5 5 5 5 5 1 1 1 1 1 1 1 1 1 1 1 5
     5 5 5 5 5 5 5 5 5 5 1 1 1 1 1 1 1 1 1 1 1 1 5
     5 5 5 5 5 5 5 5 5 1 1 1 1 1 1 2 1 1 1 1 1 1 5
     5 5 5 5 5 5 5 5 1 1 1 1 1 1 1 1 1 1 1 1 1 1 5
     5 5 5 5 5 5 5 1 1 1 1 1 1 1 3 1 1 1 1 1 1 1 5
     5 5 5 5 5 5 1 1 1 1 1 3 1 1 1 1 3 1 1 1 1 1 5
     5 5 5 5 5 1 1 2 1 1 1 1 2 1 1 1 1 1 1 2 1 1 5
     5 5 5 5 1 1 1 1 3 1 1 1 1 3 1 2 1 3 1 1 1 1 5
     5 5 5 1 1 1 1 1 1 1 3 1 1 1 1 1 1 1 1 1 1 1 5
     5 5 1 1 1 1 1 1 2 1 1 1 1 1 3 1 1 1 1 1 1 1 5
     5 1 1 1 1 1 3 1 1 1 1 4 1 1 1 1 3 1 1 1 1 1 5
     5 1 1 1 1 1 1 1 3 1 1 1 1 1 2 1 1 1 1 1 1 5 5
     5 1 1 1 1 1 1 1 1 1 1 1 3 1 1 1 1 1 1 1 5 5 5
     5 1 1 1 1 3 1 2 1 3 1 1 1 1 3 1 1 1 1 5 5 5 5
     5 1 1 2 1 1 1 1 1 1 2 1 1 1 1 2 1 1 5 5 5 5 5
     5 1 1 1 1 1 3 1 1 1 1 3 1 1 1 1 1 5 5 5 5 5 5
     5 1 1 1 1 1 1 1 3 1 1 1 1 1 1 1 5 5 5 5 5 5 5
     5 1 1 1 1 1 1 1 1 1 1 1 1 1 1 5 5 5 5 5 5 5 5
     5 1 1 1 1 1 1 2 1 1 1 1 1 1 5 5 5 5 5 5 5 5 5
     5 1 1 1 1 1 1 1 1 1 1 1 1 5 5 5 5 5 5 5 5 5 5
     5 1 1 1 1 1 1 1 1 1 1 1 5 5 5 5 5 5 5 5 5 5 5
     5 5 5 5 5 5 5 5 5 5 5 5 5 5 5 5 5 5 5 5 5 5 5
13  10 -0.716 -18 21 -17 20 -22 19 -3 4  fill=5 imp:n=1 
14   0          18:-21:17:-20:22:-19:3:-4  imp:n=0  

c ------------sufrace cards-------------------
c ----------- fuel rod surfaces --------------
1   cz   0.075
2   cz   0.3785
3   pz   176.5
4   pz  -176.5
5   cz   0.3865
6   cz   0.455
c ------------ guide tube surfaces ----------
7  cz   0.545
8  cz   0.628
c --------- central guide tube surfaces --------
9   cz   0.55
10  cz   0.63
c ------------ lattice surfaces ------------------
11  p   1.73205 1 0 1.275
12  py  0.6375
13  p  -1.73205 1 0 -1.275
14  p   1.73205 1 0 -1.275
15 py  -0.6375
16  p  -1.73205 1 0 1.275
c ------------- assembly surfaces ---------------
*17  p   1 1.73205 0 23.6
*18  px  11.8
*19  p  -1 1.73205 0 -23.6
*20  p   1 1.73205 0 -23.6
*21  px  -11.8
*22  p  -1 1.73205 0 23.6

c ---------- DATA CARDs--------------------------
m1   92235   -0.0185105302348  $ 2.10 % enrichment
     92238   -0.862943290471
     8016    -0.118546179294
m2   92235   -0.0292792  $ 3.6% UO2 + 5% Gd2O3
     92238   -0.7940422
     8016    -0.1194922
     64157   -0.0571954      
c  ------------- coolant materials ---------------
m10  1001    -0.06312   $ H
     8016    -0.13539   $ O
     5011    -0.80149   $ B 
c ---------- guid tube materials -----------------
m11  40090     -0.50662815
     40091     -0.11048334
     40092     -0.16887605
     40094     -0.17114086
     40096     -0.0275716
     41093     -0.0100    
     50112     -0.0001261
     50114     -0.0000858
     50115     -0.0000442
     50116     -0.0018902
     50117     -0.0009984
     50118     -0.0031486
     50119     -0.0011167
     50120     -0.0042354
     50122     -0.0006019
     50124     -0.0007527
     26054     -0.00017535
     26056     -0.00275262
     26057     -0.00006357
     26058     -0.00000846
c ------------ clading materials ------------------
m12  40090     -0.50920065
     40091     -0.11104434
     40092     -0.16973355
     40094     -0.17200986
     40096     -0.0277116
     41093     -0.0100    
     72174     -0.00000048
     72176     -0.00001578
     72177     -0.0000558
     72178     -0.00008184
     72179     -0.00004086
     72180     -0.00010524     
kcode 10000 1.0 50 600
ksrc  0 0 0   
f4:n 13
KOPTS BOCKSIZE=5  KINETICS=YES  PRECURSOR=YES 
     